  Atom           S          P          D        Total
      1    C  3.3054857  3.1261081  0.0277290  6.4593229
      2    H  0.8159922  0.0000000  0.0000000  0.8159922
      3    H  0.8172217  0.0000000  0.0000000  0.8172217
      4    H  0.8404117  0.0000000  0.0000000  0.8404117
      5    C  3.3189797  3.1160476  0.0280293  6.4630566
      6    H  0.8138189  0.0000000  0.0000000  0.8138189
      7    H  0.8092045  0.0000000  0.0000000  0.8092045
      8    H  0.7999015  0.0000000  0.0000000  0.7999015
      9    C  3.0868644  2.3999967  0.0665100  5.5533711
     10    O  3.9206286  4.5579619  0.0079926  8.4865831
     11    O  3.9166748  4.5634512  0.0049414  8.4850674
     12    O  3.8876750  4.6908502  0.0276020  8.6061272
     13    O  3.9311225  4.6928600 -0.0144165  8.6095660
     14    C  3.0044986  2.3598993  0.0638777  5.4282756
     15    C  2.9883906  2.3594255  0.0733093  5.4211253
     16    C  3.1540950  2.8396077  0.0049563  5.9986590
     17    C  3.2946345  3.0116455  0.0255991  6.3318791
     18    H  0.8004210  0.0000000  0.0000000  0.8004210
     19    C  3.1221522  2.3731252  0.0429294  5.5382068
     20    O  3.9360730  4.6490895 -0.0126221  8.5725404
     21    C  3.2247306  2.9039765  0.0106894  6.1393964
     22    H  0.8417948  0.0000000  0.0000000  0.8417948
     23    C  3.2607528  2.8087689  0.0119047  6.0814263
     24    H  0.8120420  0.0000000  0.0000000  0.8120420
     25    C  3.1859108  2.7678816  0.0397899  5.9935823
     26    H  0.8480818  0.0000000  0.0000000  0.8480818
     27    N  3.6588512  3.7339127  0.0050675  7.3978313
     28    C  3.2317913  2.8736527  0.0402132  6.1456571
     29    H  0.8522630  0.0000000  0.0000000  0.8522630
     30    H  0.8392219  0.0000000  0.0000000  0.8392219
     31    C  3.3047910  3.1342154  0.0271239  6.4661303
     32    H  0.8172981  0.0000000  0.0000000  0.8172981
     33    H  0.9114614  0.0000000  0.0000000  0.9114614
     34    H  0.8251965  0.0000000  0.0000000  0.8251965
     35    C  3.2129017  2.8635715  0.0407509  6.1172242
     36    H  0.8582479  0.0000000  0.0000000  0.8582479
     37    H  0.8745723  0.0000000  0.0000000  0.8745723
     38    C  3.2998247  3.1421900  0.0279628  6.4699774
     39    H  0.8328576  0.0000000  0.0000000  0.8328576
     40    H  0.8344188  0.0000000  0.0000000  0.8344188
     41    H  0.8674141  0.0000000  0.0000000  0.8674141
     42    H  0.5231526  0.0000000  0.0000000  0.5231526
------------ ---------- ---------- ---------- ----------
  Total                                      158.0000000
