(Meldrum's acid based DASA in water)
# Time-Dependent Results (Python QM Simulation)
# Used 1 trajectories for analysis.
#Time		P0_adia_avg		E_total_avg		E_kin_avg		E_pot_avg
0.000000    		1.000000    		0.000000    		0.000000    		0.000000    
4.134137    		1.000000    		-0.000002   		0.001891    		-0.001894   
8.268275    		1.000000    		-0.000010   		0.007534    		-0.007544   
12.402412   		1.000000    		-0.000019   		0.016833    		-0.016851   
16.536549   		1.000000    		-0.000032   		0.029632    		-0.029663   
20.670687   		1.000000    		-0.000049   		0.045717    		-0.045766   
24.804824   		1.000000    		-0.000068   		0.064820    		-0.064888   
28.938961   		1.000000    		-0.000090   		0.086622    		-0.086712   
33.073099   		1.000000    		-0.000115   		0.110761    		-0.110877   
37.207236   		1.000000    		-0.000143   		0.136839    		-0.136982   
41.341373   		1.000000    		-0.000170   		0.164426    		-0.164596   
45.475511   		1.000000    		-0.000199   		0.193072    		-0.193271   
49.609648   		1.000000    		-0.000229   		0.222312    		-0.222541   
53.743785   		1.000000    		-0.000259   		0.251676    		-0.251935   
57.877923   		1.000000    		-0.000287   		0.280698    		-0.280986   
62.012060   		1.000000    		-0.000315   		0.308923    		-0.309238   
66.146197   		1.000000    		-0.000340   		0.335916    		-0.336255   
70.280335   		1.000000    		-0.000363   		0.361269    		-0.361632   
74.414472   		1.000000    		-0.000383   		0.384611    		-0.384994   
78.548609   		1.000000    		-0.000403   		0.405613    		-0.406016   
82.682747   		0.000000    		-0.000416   		0.423991    		-0.424406   
86.816884   		0.000000    		-0.000426   		0.439516    		-0.439942   
90.951021   		0.000000    		-0.000433   		0.452016    		-0.452450   
95.085159   		0.000000    		-0.000438   		0.461378    		-0.461816   
99.219296   		0.000000    		-0.000437   		0.467551    		-0.467987   
103.353433  		0.000000    		-0.000431   		0.470545    		-0.470976   
107.487571  		0.000000    		-0.000423   		0.470433    		-0.470856   
111.621708  		0.000000    		-0.000411   		0.467349    		-0.467761   
115.755845  		0.000000    		-0.000396   		0.461484    		-0.461879   
119.889983  		0.000000    		-0.000379   		0.453080    		-0.453460   
124.024120  		0.000000    		-0.000357   		0.442433    		-0.442790   
128.158257  		0.000000    		-0.000334   		0.429878    		-0.430212   
132.292395  		0.000000    		-0.000307   		0.415789    		-0.416096   
136.426532  		0.000000    		-0.000281   		0.400568    		-0.400849   
140.560669  		0.000000    		-0.000254   		0.384640    		-0.384894   
144.694807  		0.000000    		-0.000227   		0.368443    		-0.368670   
148.828944  		0.000000    		-0.000200   		0.352422    		-0.352622   
152.963081  		0.000000    		-0.000172   		0.337015    		-0.337186   
157.097219  		0.000000    		-0.000145   		0.322652    		-0.322798   
161.231356  		0.000000    		-0.000123   		0.309743    		-0.309865   
165.365493  		0.000000    		-0.000099   		0.298668    		-0.298767   
169.499631  		0.000000    		-0.000082   		0.289774    		-0.289856   
173.633768  		0.000000    		-0.000064   		0.283366    		-0.283431   
177.767905  		0.000000    		-0.000052   		0.279703    		-0.279754   
181.902043  		0.000000    		-0.000043   		0.278988    		-0.279031   
186.036180  		0.000000    		-0.000037   		0.281371    		-0.281409   
190.170317  		0.000000    		-0.000035   		0.286942    		-0.286977   
194.304455  		0.000000    		-0.000038   		0.295728    		-0.295766   
198.438592  		0.000000    		-0.000044   		0.307696    		-0.307740   
202.572729  		0.000000    		-0.000054   		0.322751    		-0.322805   
206.706867  		0.000000    		-0.000066   		0.340739    		-0.340804   
210.841004  		0.000000    		-0.000084   		0.361446    		-0.361530   
214.975141  		0.000000    		-0.000104   		0.384609    		-0.384713   
219.109279  		0.000000    		-0.000125   		0.409913    		-0.410037   
223.243416  		0.000000    		-0.000151   		0.437002    		-0.437152   
227.377553  		0.000000    		-0.000176   		0.465482    		-0.465658   
231.511691  		0.000000    		-0.000204   		0.494933    		-0.495137   
235.645828  		0.000000    		-0.000233   		0.524911    		-0.525144   
239.779965  		0.000000    		-0.000261   		0.554959    		-0.555220   
243.914103  		0.000000    		-0.000290   		0.584616    		-0.584906   
248.048240  		0.000000    		-0.000317   		0.613424    		-0.613742   
252.182377  		0.000000    		-0.000346   		0.640939    		-0.641285   
256.316515  		0.000000    		-0.000371   		0.666735    		-0.667106   
260.450652  		0.000000    		-0.000393   		0.690415    		-0.690809   
264.584789  		0.000000    		-0.000414   		0.711619    		-0.712032   
268.718927  		0.000000    		-0.000429   		0.730026    		-0.730455   
272.853064  		0.000000    		-0.000442   		0.745368    		-0.745810   
276.987201  		0.000000    		-0.000453   		0.757425    		-0.757878   
281.121339  		0.000000    		-0.000460   		0.766038    		-0.766499   
285.255476  		0.000000    		-0.000463   		0.771108    		-0.771570   
289.389613  		0.000000    		-0.000462   		0.772596    		-0.773058   
293.523751  		0.000000    		-0.000456   		0.770529    		-0.770984   
297.657888  		0.000000    		-0.000447   		0.764993    		-0.765440   
301.792025  		0.000000    		-0.000435   		0.756140    		-0.756574   
305.926163  		0.000000    		-0.000416   		0.744175    		-0.744591   
310.060300  		0.000000    		-0.000397   		0.729362    		-0.729758   
314.194437  		0.000000    		-0.000375   		0.712011    		-0.712386   
318.328575  		0.000000    		-0.000351   		0.692481    		-0.692832   
322.462712  		0.000000    		-0.000324   		0.671165    		-0.671489   
326.596849  		0.000000    		-0.000296   		0.648487    		-0.648783   
330.730987  		1.000000    		-0.000268   		0.624896    		-0.625164   
334.865124  		0.000000    		-0.000238   		0.600854    		-0.601092   
338.999261  		0.000000    		-0.000210   		0.576829    		-0.577039   
343.133399  		0.000000    		-0.000181   		0.553290    		-0.553470   
347.267536  		0.000000    		-0.000153   		0.530691    		-0.530844   
351.401673  		0.000000    		-0.000126   		0.509470    		-0.509596   
355.535811  		0.000000    		-0.000102   		0.490038    		-0.490140   
359.669948  		0.000000    		-0.000083   		0.472771    		-0.472854   
363.804085  		0.000000    		-0.000065   		0.458004    		-0.458069   
367.938223  		0.000000    		-0.000050   		0.446027    		-0.446077   
372.072360  		0.000000    		-0.000039   		0.437076    		-0.437115   
376.206497  		0.000000    		-0.000031   		0.431331    		-0.431363   
380.340635  		0.000000    		-0.000028   		0.428914    		-0.428942   
384.474772  		0.000000    		-0.000026   		0.429883    		-0.429909   
388.608909  		0.000000    		-0.000032   		0.434237    		-0.434270   
392.743047  		0.000000    		-0.000038   		0.441911    		-0.441949   
396.877184  		0.000000    		-0.000051   		0.452779    		-0.452831   
401.011321  		0.000000    		-0.000064   		0.466659    		-0.466724   
405.145459  		0.000000    		-0.000085   		0.483313    		-0.483398   
409.279596  		0.000000    		-0.000104   		0.502452    		-0.502556   
413.413733  		0.000000    		-0.000127   		0.523746    		-0.523873   
