# Time-Dependent Results (Python Simulation)
# Used 8192 trajectories for analysis.
#Time		P0_adia_avg		P1_adia_avg		P0_dia_avg		P1_dia_avg		Etot_avg
0.000000    		0.000000    		0.000000    		1.000000    		0.000000    		0.000000    
0.101010    		0.000000    		0.000000    		0.990849    		0.009151    		0.000000    
0.202020    		0.000000    		0.000000    		0.959949    		0.040051    		0.000000    
0.303030    		0.000000    		0.000000    		0.910026    		0.089974    		0.000000    
0.404040    		0.000000    		0.000000    		0.845126    		0.154874    		0.000000    
0.505051    		0.000000    		0.000000    		0.776400    		0.223600    		0.000000    
0.606061    		0.000000    		0.000000    		0.700050    		0.299950    		0.000000    
0.707071    		0.000000    		0.000000    		0.630373    		0.369627    		0.000000    
0.808081    		0.000000    		0.000000    		0.563232    		0.436768    		0.000000    
0.909091    		0.000000    		0.000000    		0.507747    		0.492253    		0.000000    
1.010101    		0.000000    		0.000000    		0.463605    		0.536395    		0.000000    
1.111111    		0.000000    		0.000000    		0.429327    		0.570673    		0.000000    
1.212121    		0.000000    		0.000000    		0.410330    		0.589670    		0.000000    
1.313131    		0.000000    		0.000000    		0.414724    		0.585276    		0.000000    
1.414141    		0.000000    		0.000000    		0.432695    		0.567305    		0.000000    
1.515152    		0.000000    		0.000000    		0.469588    		0.530412    		0.000000    
1.616162    		0.000000    		0.000000    		0.518094    		0.481906    		0.000000    
1.717172    		0.000000    		0.000000    		0.567824    		0.432176    		0.000000    
1.818182    		0.000000    		0.000000    		0.617236    		0.382764    		0.000000    
1.919192    		0.000000    		0.000000    		0.662346    		0.337654    		0.000000    
2.020202    		0.000000    		0.000000    		0.704792    		0.295208    		0.000000    
2.121212    		0.000000    		0.000000    		0.733779    		0.266221    		0.000000    
2.222222    		0.000000    		0.000000    		0.751428    		0.248572    		0.000000    
2.323232    		0.000000    		0.000000    		0.749723    		0.250277    		0.000000    
2.424242    		0.000000    		0.000000    		0.730567    		0.269433    		0.000000    
2.525253    		0.000000    		0.000000    		0.699731    		0.300269    		0.000000    
2.626263    		0.000000    		0.000000    		0.654583    		0.345417    		0.000000    
2.727273    		0.000000    		0.000000    		0.608351    		0.391649    		0.000000    
2.828283    		0.000000    		0.000000    		0.553594    		0.446406    		0.000000    
2.929293    		0.000000    		0.000000    		0.499202    		0.500798    		0.000000    
3.030303    		0.000000    		0.000000    		0.446978    		0.553022    		0.000000    
3.131313    		0.000000    		0.000000    		0.405898    		0.594102    		0.000000    
3.232323    		0.000000    		0.000000    		0.375518    		0.624482    		0.000000    
3.333333    		0.000000    		0.000000    		0.356282    		0.643718    		0.000000    
3.434343    		0.000000    		0.000000    		0.341631    		0.658369    		0.000000    
3.535354    		0.000000    		0.000000    		0.342173    		0.657827    		0.000000    
3.636364    		0.000000    		0.000000    		0.355559    		0.644441    		0.000000    
3.737374    		0.000000    		0.000000    		0.377940    		0.622060    		0.000000    
3.838384    		0.000000    		0.000000    		0.406468    		0.593532    		0.000000    
3.939394    		0.000000    		0.000000    		0.438582    		0.561418    		0.000000    
4.040404    		0.000000    		0.000000    		0.473349    		0.526651    		0.000000    
4.141414    		0.000000    		0.000000    		0.503904    		0.496096    		0.000000    
4.242424    		0.000000    		0.000000    		0.527362    		0.472638    		0.000000    
4.343434    		0.000000    		0.000000    		0.548434    		0.451566    		0.000000    
4.444444    		0.000000    		0.000000    		0.557396    		0.442604    		0.000000    
4.545455    		0.000000    		0.000000    		0.557443    		0.442557    		0.000000    
4.646465    		0.000000    		0.000000    		0.546998    		0.453002    		0.000000    
4.747475    		0.000000    		0.000000    		0.530797    		0.469203    		0.000000    
4.848485    		0.000000    		0.000000    		0.500398    		0.499602    		0.000000    
4.949495    		0.000000    		0.000000    		0.459843    		0.540157    		0.000000    
5.050505    		0.000000    		0.000000    		0.425082    		0.574918    		0.000000    
5.151515    		0.000000    		0.000000    		0.391115    		0.608885    		0.000000    
5.252525    		0.000000    		0.000000    		0.360534    		0.639466    		0.000000    
5.353535    		0.000000    		0.000000    		0.331634    		0.668366    		0.000000    
5.454545    		0.000000    		0.000000    		0.309964    		0.690036    		0.000000    
5.555556    		0.000000    		0.000000    		0.295387    		0.704613    		0.000000    
5.656566    		0.000000    		0.000000    		0.289094    		0.710906    		0.000000    
5.757576    		0.000000    		0.000000    		0.291739    		0.708261    		0.000000    
5.858586    		0.000000    		0.000000    		0.301134    		0.698866    		0.000000    
5.959596    		0.000000    		0.000000    		0.317038    		0.682962    		0.000000    
6.060606    		0.000000    		0.000000    		0.332151    		0.667849    		0.000000    
6.161616    		0.000000    		0.000000    		0.350251    		0.649749    		0.000000    
6.262626    		0.000000    		0.000000    		0.370981    		0.629019    		0.000000    
6.363636    		0.000000    		0.000000    		0.387118    		0.612882    		0.000000    
6.464646    		0.000000    		0.000000    		0.403503    		0.596497    		0.000000    
6.565657    		0.000000    		0.000000    		0.416962    		0.583038    		0.000000    
6.666667    		0.000000    		0.000000    		0.423239    		0.576761    		0.000000    
6.767677    		0.000000    		0.000000    		0.423626    		0.576374    		0.000000    
6.868687    		0.000000    		0.000000    		0.418475    		0.581525    		0.000000    
6.969697    		0.000000    		0.000000    		0.406536    		0.593464    		0.000000    
7.070707    		0.000000    		0.000000    		0.390752    		0.609248    		0.000000    
7.171717    		0.000000    		0.000000    		0.370434    		0.629566    		0.000000    
7.272727    		0.000000    		0.000000    		0.347398    		0.652602    		0.000000    
7.373737    		0.000000    		0.000000    		0.324156    		0.675844    		0.000000    
7.474747    		0.000000    		0.000000    		0.301717    		0.698283    		0.000000    
7.575758    		0.000000    		0.000000    		0.284567    		0.715433    		0.000000    
7.676768    		0.000000    		0.000000    		0.272826    		0.727174    		0.000000    
7.777778    		0.000000    		0.000000    		0.263736    		0.736264    		0.000000    
7.878788    		0.000000    		0.000000    		0.261653    		0.738347    		0.000000    
7.979798    		0.000000    		0.000000    		0.261449    		0.738551    		0.000000    
8.080808    		0.000000    		0.000000    		0.266384    		0.733616    		0.000000    
8.181818    		0.000000    		0.000000    		0.272770    		0.727230    		0.000000    
8.282828    		0.000000    		0.000000    		0.286396    		0.713604    		0.000000    
8.383838    		0.000000    		0.000000    		0.297717    		0.702283    		0.000000    
8.484848    		0.000000    		0.000000    		0.308748    		0.691252    		0.000000    
8.585859    		0.000000    		0.000000    		0.317488    		0.682512    		0.000000    
8.686869    		0.000000    		0.000000    		0.328471    		0.671529    		0.000000    
8.787879    		0.000000    		0.000000    		0.334827    		0.665173    		0.000000    
8.888889    		0.000000    		0.000000    		0.335787    		0.664213    		0.000000    
8.989899    		0.000000    		0.000000    		0.335975    		0.664025    		0.000000    
9.090909    		0.000000    		0.000000    		0.332070    		0.667930    		0.000000    
9.191919    		0.000000    		0.000000    		0.326111    		0.673889    		0.000000    
9.292929    		0.000000    		0.000000    		0.314021    		0.685979    		0.000000    
9.393939    		0.000000    		0.000000    		0.302785    		0.697215    		0.000000    
9.494949    		0.000000    		0.000000    		0.288276    		0.711724    		0.000000    
9.595960    		0.000000    		0.000000    		0.275624    		0.724376    		0.000000    
9.696970    		0.000000    		0.000000    		0.261029    		0.738971    		0.000000    
9.797980    		0.000000    		0.000000    		0.251235    		0.748765    		0.000000    
9.898990    		0.000000    		0.000000    		0.245978    		0.754022    		0.000000    
10.000000   		0.000000    		0.000000    		0.242429    		0.757571    		0.000000    
