  Atom           S          P          D        Total
      1    C  3.3054520  3.1261402  0.0277316  6.4593238
      2    H  0.8159845  0.0000000  0.0000000  0.8159845
      3    H  0.8172184  0.0000000  0.0000000  0.8172184
      4    H  0.8404146  0.0000000  0.0000000  0.8404146
      5    C  3.3189364  3.1160803  0.0280322  6.4630489
      6    H  0.8138195  0.0000000  0.0000000  0.8138195
      7    H  0.8091972  0.0000000  0.0000000  0.8091972
      8    H  0.7998958  0.0000000  0.0000000  0.7998958
      9    C  3.0868682  2.4000166  0.0665123  5.5533971
     10    O  3.9206149  4.5579710  0.0079934  8.4865793
     11    O  3.9166597  4.5634596  0.0049420  8.4850613
     12    O  3.8875853  4.6908768  0.0276175  8.6060796
     13    O  3.9310985  4.6928455 -0.0144137  8.6095304
     14    C  3.0044867  2.3599458  0.0638815  5.4283140
     15    C  2.9883710  2.3594430  0.0733163  5.4211303
     16    C  3.1541131  2.8396328  0.0049557  5.9987016
     17    C  3.2946273  3.0116563  0.0255995  6.3318831
     18    H  0.8004263  0.0000000  0.0000000  0.8004263
     19    C  3.1221301  2.3731501  0.0429400  5.5382202
     20    O  3.9360193  4.6490463 -0.0126157  8.5724498
     21    C  3.2247356  2.9039774  0.0106902  6.1394032
     22    H  0.8418060  0.0000000  0.0000000  0.8418060
     23    C  3.2607256  2.8088061  0.0119060  6.0814377
     24    H  0.8120659  0.0000000  0.0000000  0.8120659
     25    C  3.1859076  2.7678802  0.0397902  5.9935781
     26    H  0.8480895  0.0000000  0.0000000  0.8480895
     27    N  3.6588636  3.7338907  0.0050692  7.3978234
     28    C  3.2317744  2.8736756  0.0402145  6.1456645
     29    H  0.8522603  0.0000000  0.0000000  0.8522603
     30    H  0.8392219  0.0000000  0.0000000  0.8392219
     31    C  3.3047526  3.1342510  0.0271270  6.4661306
     32    H  0.8172882  0.0000000  0.0000000  0.8172882
     33    H  0.9114655  0.0000000  0.0000000  0.9114655
     34    H  0.8251940  0.0000000  0.0000000  0.8251940
     35    C  3.2129022  2.8635875  0.0407510  6.1172407
     36    H  0.8582449  0.0000000  0.0000000  0.8582449
     37    H  0.8745708  0.0000000  0.0000000  0.8745708
     38    C  3.2997905  3.1422297  0.0279655  6.4699857
     39    H  0.8328545  0.0000000  0.0000000  0.8328545
     40    H  0.8344153  0.0000000  0.0000000  0.8344153
     41    H  0.8674134  0.0000000  0.0000000  0.8674134
     42    H  0.5231702  0.0000000  0.0000000  0.5231702
------------ ---------- ---------- ---------- ----------
  Total                                      158.0000000
